%%MatrixMarket matrix coordinate real general
%
85 85 677
1 1 1344.760423763209
1 2 0.3926593249155451
1 5 1.106095121608255
1 6 0.8873838824751342
1 7 0.7694549380907513
1 9 1.092397459134474
1 10 1.115576863427194
1 11 1.115018880590539
1 12 2.200904002861928
1 16 3.724385471307889
1 20 1.169335825209968
1 21 1.211868773234692
1 22 1.017710088496854
1 23 2.451573187431412
1 26 12.71022633428387
1 28 1.064920974667351
1 32 1.222224669726662
1 33 41.64753322309495
1 34 6.427487434416745
1 35 15.60292558094272
1 37 0.3926593249155451
1 44 1.25057357485827
1 45 0.9810847501734981
1 46 2.302064544936915
1 47 14.20755793286068
1 52 1.725477814947196
1 56 0.4400048127450016
1 57 0.714102236684385
1 59 0.3470470934258125
1 60 5.157196661243848
1 62 1.01113677859145
1 64 28.1728080197741
1 65 1.647500314059147
1 66 33.44001210535281
1 67 1.868259895977592
1 68 2.294970561314365
1 73 60.73183504509967
1 74 0.4884699936575246
1 75 2.470750902808287
1 76 0.3488270268424453
1 85 1.343249812190233
2 1 0.3926593249155451
2 33 0.1752884303717056
3 4 4.613962300674624
3 6 2.046066693157587
3 47 0.1037301508129109
4 3 4.613962300674624
4 30 9.476709600967492
4 33 0.2491874650315872
4 73 0.1768304033112426
5 1 1.106095121608255
5 16 7.269851462147555
5 34 0.09354925972276565
6 1 0.8873838824751342
6 3 2.046066693157587
7 1 0.7694549380907513
7 7 1.947013472244803
7 26 0.3321300437868874
7 33 1.570294221785156
7 44 1.896705266551931
7 47 0.4580950974133035
7 57 0.8865642736332272
7 60 0.1939148966761244
7 66 0.9943437900781866
7 73 0.6557519909648535
7 85 0.03078453526586464
8 21 4.220987204118971
8 34 0.0928573773704417
8 47 0.1034622894036265
8 49 0.4666601589500523
8 73 0.1728904098570657
9 1 1.092397459134474
9 34 0.09345048464604135
9 75 6.541828363761652
10 1 1.115576863427194
10 16 7.700097130772659
10 20 5.569245030986901
10 26 0.1779835240176149
10 33 1.233185048030036
10 34 0.09361686770757099
10 35 0.3763522716473045
10 47 0.05196605441733092
10 69 1.6249209722554
10 73 0.1755417464543428
11 1 1.115018880590539
11 41 7.907551962056485
12 1 2.200904002861928
12 12 16.29933474505448
12 22 3.131943143958847
12 26 0.177593568110429
12 33 0.4917798722468385
12 34 0.187018198467749
12 35 0.3746167445146112
12 38 0.2347329587350225
12 42 1.281665745524126
12 47 0.3115967367621542
12 55 1.051931463538518
12 58 7.771284158364033
12 66 1.523135740571222
12 68 4.803937745220741
12 73 0.8758152696758962
12 85 0.03115940989821036
13 23 2.284483948610483
13 73 0.1668275711204403
14 26 0.1564978775441817
14 57 0.6684146043192479
14 73 0.3092145944750417
15 16 3.264714981030727
15 47 0.05149380047030872
15 73 0.1702681135932054
16 1 3.724385471307889
16 5 7.269851462147555
16 10 7.700097130772659
16 15 3.264714981030727
16 16 51.32534165153913
16 18 17.70871079830995
16 23 20.2945539034583
16 30 17.8192418413445
16 33 2.522932887188146
16 41 28.48072305356132
16 44 90.61935731189679
16 47 0.1044253233814658
16 60 0.4289286796475845
16 64 0.5275338555187775
16 73 0.3567768780350356
16 78 1.587215986041052
16 84 2.862133767140127
16 85 0.03125997862350775
17 73 0.1790102302001287
18 16 17.70871079830995
18 33 1.004736437809238
18 34 0.09426414360308152
18 68 8.167031044279177
18 85 0.06248556797155111
19 33 0.2394661683675073
19 44 4.07459492340446
20 1 1.169335825209968
20 10 5.569245030986901
20 33 0.4983390897397713
20 34 0.09397945530102395
20 46 6.581398332925763
20 62 3.674504360478227
20 73 0.5304631890293258
20 75 10.79555402372238
21 1 1.211868773234692
21 8 4.220987204118971
21 66 0.3932957487285392
21 81 19.71033482616763
22 1 1.017710088496854
22 12 3.131943143958847
22 33 0.4830050334309484
22 47 0.0517342953399465
22 58 4.936804322458235
22 60 0.2066170370098114
22 73 0.3458506932316697
23 1 2.451573187431412
23 13 2.284483948610483
23 16 20.2945539034583
23 28 5.470027805963876
23 33 1.761472429980657
23 35 0.3881252152679508
23 47 0.3131074547602561
23 66 0.3947500746297458
23 73 0.1780609311807971
23 85 0.03124989169704782
24 33 0.2253686853346821
24 61 1.802995835351265
25 26 0.1059370852252517
25 47 0.04335691440964399
25 73 0.1050674482946847
26 1 12.71022633428387
26 7 0.3321300437868874
26 10 0.1779835240176149
26 12 0.177593568110429
26 14 0.1564978775441817
26 25 0.1059370852252517
26 26 0.907749645794841
26 31 0.1781831940034498
26 32 0.1804954180083169
26 33 1.586917165218687
26 34 0.1865719406373557
26 35 0.4965966332448517
26 41 0.181036344922132
26 46 0.5365861602482159
26 47 0.2840783117926938
26 52 0.1700325395112131
26 57 0.3266651999215998
26 60 0.09850843021551178
26 64 3.250156970619136
26 66 0.748915839481918
26 67 0.1580300406692705
26 68 0.1787756787828939
26 70 0.178754345294847
26 73 5.858814930048666
26 76 0.131772215869891
26 79 0.172948406441664
26 83 0.1206537598086668
27 32 6.215078139172707
27 80 1.553171493590689
28 1 1.064920974667351
28 23 5.470027805963876
29 34 0.09109199187714349
29 41 2.369157496261796
30 4 9.476709600967492
30 16 17.8192418413445
31 26 0.1781831940034498
31 33 0.9880856425520078
31 34 0.09367200266967951
31 47 0.1559491296733248
31 73 0.3514734539165615
31 75 7.841318634202656
32 1 1.222224669726662
32 26 0.1804954180083169
32 27 6.215078139172707
32 33 0.2514879906156896
32 73 0.3559713923741599
32 81 22.85978391295319
33 1 41.64753322309495
33 2 0.1752884303717056
33 4 0.2491874650315872
33 7 1.570294221785156
33 10 1.233185048030036
33 12 0.4917798722468385
33 16 2.522932887188146
33 18 1.004736437809238
33 19 0.2394661683675073
33 20 0.4983390897397713
33 22 0.4830050334309484
33 23 1.761472429980657
33 24 0.2253686853346821
33 26 1.586917165218687
33 31 0.9880856425520078
33 32 0.2514879906156896
33 33 11.91635964469116
33 34 1.240042252127647
33 35 1.232502486150448
33 37 0.1752884303717056
33 39 0.4203340791067064
33 40 0.115767060194442
33 41 1.515233438436498
33 44 2.021336080001253
33 45 0.3848582197085259
33 46 0.4966552439937104
33 47 2.46997747319302
33 52 0.4632592719737532
33 54 0.4875017991256853
33 56 0.184133178954632
33 57 1.754963053297818
33 58 0.5063126387346421
33 60 1.048040929619586
33 62 0.2411307598354066
33 63 0.2436079853381109
33 64 2.061753858647617
33 66 3.56721096677871
33 67 2.099111199280801
33 68 1.488976023235238
33 71 0.2535395967192359
33 72 0.2385248673302272
33 73 6.190701501311805
33 75 0.5040813145167662
33 80 0.2242517626739648
33 81 0.5055968140652268
33 82 0.2402984942167582
33 85 0.1670635577900142
34 1 6.427487434416745
34 5 0.09354925972276565
34 8 0.0928573773704417
34 9 0.09345048464604135
34 10 0.09361686770757099
34 12 0.187018198467749
34 18 0.09426414360308152
34 20 0.09397945530102395
34 26 0.1865719406373557
34 29 0.09109199187714349
34 31 0.09367200266967951
34 33 1.240042252127647
34 34 0.09459439767090358
34 35 0.07623024983569282
34 41 0.09445413391776634
34 44 0.1889456027807693
34 45 0.08457357936278367
34 46 0.1877190496972335
34 47 0.1009950679509018
34 50 0.07762732710784945
34 54 0.09319776763171457
34 60 0.06572567824024357
34 64 0.2410106504335997
34 65 0.1818281151890132
34 66 0.3824123337335201
34 67 0.08778682654730501
34 68 0.1876719145857376
34 73 1.1759074092807
34 75 0.09438493258428197
35 1 15.60292558094272
35 10 0.3763522716473045
35 12 0.3746167445146112
35 23 0.3881252152679508
35 26 0.4965966332448517
35 33 1.232502486150448
35 34 0.07623024983569282
35 35 4.711986493620348
35 47 0.5073881547249438
35 58 0.3917464573878945
35 60 0.13908213597276
35 64 2.260998084597693
35 66 0.7920545103747851
35 68 0.3799170214176231
35 73 2.090261217436012
35 75 0.7781637649939469
35 85 0.02897121996871646
36 73 0.1213508461624159
36 74 0.2553948702854866
37 1 0.3926593249155451
37 33 0.1752884303717056
38 12 0.2347329587350225
38 47 0.04297328837512205
38 73 0.2056825379413506
39 33 0.4203340791067064
39 60 0.1832419362282804
39 73 0.6249791314781084
40 33 0.115767060194442
40 73 0.09727473094165132
41 11 7.907551962056485
41 16 28.48072305356132
41 26 0.181036344922132
41 29 2.369157496261796
41 33 1.515233438436498
41 34 0.09445413391776634
41 47 0.1044463379947204
41 51 3.665186014384008
41 54 5.745763163549526
41 66 0.3969693710688362
41 67 1.197048744319297
41 70 9.825945074852335
41 72 3.789248494868129
41 73 0.3570228480052758
41 75 25.58534980016074
41 81 36.76056372520435
42 12 1.281665745524126
42 47 0.05052925240777045
42 60 0.1886513213975991
43 60 0.1027086903193671
43 73 0.09363953528095594
44 1 1.25057357485827
44 7 1.896705266551931
44 16 90.61935731189679
44 19 4.07459492340446
44 33 2.021336080001253
44 34 0.1889456027807693
44 47 0.3133718882276408
44 54 5.81275436400587
44 57 1.592446973349909
44 58 153.0878805040694
44 61 13.28960057406101
44 64 1.058340533872794
44 68 10.09285377235171
44 73 0.5357242948253802
44 79 3.477659763527172
44 82 4.329480570852698
45 1 0.9810847501734981
45 33 0.3848582197085259
45 34 0.08457357936278367
45 73 0.1462243334592205
46 1 2.302064544936915
46 20 6.581398332925763
46 26 0.5365861602482159
46 33 0.4966552439937104
46 34 0.1877190496972335
46 46 12.08163472154556
46 47 0.3122443964418565
46 57 1.434488678174881
46 64 1.02098231974201
46 66 0.3866638841665226
46 68 5.94426999133329
46 73 0.88198582252689
46 75 28.24133718374543
47 1 14.20755793286068
47 3 0.1037301508129109
47 7 0.4580950974133035
47 8 0.1034622894036265
47 10 0.05196605441733092
47 12 0.3115967367621542
47 15 0.05149380047030872
47 16 0.1044253233814658
47 22 0.0517342953399465
47 23 0.3131074547602561
47 25 0.04335691440964399
47 26 0.2840783117926938
47 31 0.1559491296733248
47 33 2.46997747319302
47 34 0.1009950679509018
47 35 0.5073881547249438
47 38 0.04297328837512205
47 41 0.1044463379947204
47 42 0.05052925240777045
47 44 0.3133718882276408
47 46 0.3122443964418565
47 47 0.4703920107710217
47 49 0.04744266443924203
47 51 0.05157252049680486
47 52 0.1537986009118496
47 54 0.103673335643628
47 56 0.04849758438166909
47 57 0.4051185929686352
47 58 0.1044990005273102
47 60 0.3364702244339946
47 64 0.3807877172249583
47 66 0.8781496368175886
47 67 0.1503554390486221
47 68 0.1561002296355056
47 73 1.658628883772576
47 74 0.04903372524142287
47 75 0.1566056242362187
47 77 0.05049798195068205
47 78 0.05064957344508971
47 85 0.05870455811829481
48 64 0.1955608557608974
48 73 0.1133320623860438
49 8 0.4666601589500523
49 47 0.04744266443924203
50 34 0.07762732710784945
50 69 0.3551588060704465
51 41 3.665186014384008
51 47 0.05157252049680486
51 73 0.1711311042729456
52 1 1.725477814947196
52 26 0.1700325395112131
52 33 0.4632592719737532
52 47 0.1537986009118496
52 73 0.1678037770554414
53 60 0.1027086903193671
53 73 0.09363953528095594
54 33 0.4875017991256853
54 34 0.09319776763171457
54 41 5.745763163549526
54 44 5.81275436400587
54 47 0.103673335643628
54 60 0.2082579804587079
54 73 0.1740741431992082
55 12 1.051931463538518
55 73 0.1559043636073608
56 1 0.4400048127450016
56 33 0.184133178954632
56 47 0.04849758438166909
57 1 0.714102236684385
57 7 0.8865642736332272
57 14 0.6684146043192479
57 26 0.3266651999215998
57 33 1.754963053297818
57 44 1.592446973349909
57 46 1.434488678174881
57 47 0.4051185929686352
57 60 0.5705991065152403
57 64 0.4015302945972647
57 67 0.6973008776889085
57 70 1.427579933991364
57 73 0.4838237453071678
57 85 0.03068932896938325
58 12 7.771284158364033
58 22 4.936804322458235
58 33 0.5063126387346421
58 35 0.3917464573878945
58 44 153.0878805040694
58 47 0.1044990005273102
58 66 0.3984966619394334
58 73 0.1788189925905929
59 1 0.3470470934258125
59 73 0.1301794970685281
60 1 5.157196661243848
60 7 0.1939148966761244
60 16 0.4289286796475845
60 22 0.2066170370098114
60 26 0.09850843021551178
60 33 1.048040929619586
60 34 0.06572567824024357
60 35 0.13908213597276
60 39 0.1832419362282804
60 42 0.1886513213975991
60 43 0.1027086903193671
60 47 0.3364702244339946
60 53 0.1027086903193671
60 54 0.2082579804587079
60 57 0.5705991065152403
60 66 0.1399238255133733
60 67 0.366095348969613
60 73 0.5865362026323666
60 75 0.2142820138000993
61 24 1.802995835351265
61 44 13.28960057406101
61 67 1.134578671483642
62 1 1.01113677859145
62 20 3.674504360478227
62 33 0.2411307598354066
63 33 0.2436079853381109
63 73 0.1740015528637243
63 81 5.801380317857085
64 1 28.1728080197741
64 16 0.5275338555187775
64 26 3.250156970619136
64 33 2.061753858647617
64 34 0.2410106504335997
64 35 2.260998084597693
64 44 1.058340533872794
64 46 1.02098231974201
64 47 0.3807877172249583
64 48 0.1955608557608974
64 57 0.4015302945972647
64 64 11.72626904773079
64 66 0.2283320631631739
64 73 7.638306358773026
65 1 1.647500314059147
65 34 0.1818281151890132
65 66 0.3411335967886258
65 73 0.1662724082367581
66 1 33.44001210535281
66 7 0.9943437900781866
66 12 1.523135740571222
66 21 0.3932957487285392
66 23 0.3947500746297458
66 26 0.748915839481918
66 33 3.56721096677871
66 34 0.3824123337335201
66 35 0.7920545103747851
66 41 0.3969693710688362
66 46 0.3866638841665226
66 47 0.8781496368175886
66 58 0.3984966619394334
66 60 0.1399238255133733
66 64 0.2283320631631739
66 65 0.3411335967886258
66 66 4.793372215113155
66 73 2.472273507359535
66 81 0.3976098550997015
66 85 0.05801520075446163
67 1 1.868259895977592
67 26 0.1580300406692705
67 33 2.099111199280801
67 34 0.08778682654730501
67 41 1.197048744319297
67 47 0.1503554390486221
67 57 0.6973008776889085
67 60 0.366095348969613
67 61 1.134578671483642
67 73 0.7805158238441851
68 1 2.294970561314365
68 12 4.803937745220741
68 18 8.167031044279177
68 26 0.1787756787828939
68 33 1.488976023235238
68 34 0.1876719145857376
68 35 0.3799170214176231
68 44 10.09285377235171
68 46 5.94426999133329
68 47 0.1561002296355056
68 68 11.70167360081353
68 73 1.410506922984887
69 10 1.6249209722554
69 50 0.3551588060704465
70 26 0.178754345294847
70 41 9.825945074852335
70 57 1.427579933991364
70 73 0.1762921716676445
71 33 0.2535395967192359
72 33 0.2385248673302272
72 41 3.789248494868129
73 1 60.73183504509967
73 4 0.1768304033112426
73 7 0.6557519909648535
73 8 0.1728904098570657
73 10 0.1755417464543428
73 12 0.8758152696758962
73 13 0.1668275711204403
73 14 0.3092145944750417
73 15 0.1702681135932054
73 16 0.3567768780350356
73 17 0.1790102302001287
73 20 0.5304631890293258
73 22 0.3458506932316697
73 23 0.1780609311807971
73 25 0.1050674482946847
73 26 5.858814930048666
73 31 0.3514734539165615
73 32 0.3559713923741599
73 33 6.190701501311805
73 34 1.1759074092807
73 35 2.090261217436012
73 36 0.1213508461624159
73 38 0.2056825379413506
73 39 0.6249791314781084
73 40 0.09727473094165132
73 41 0.3570228480052758
73 43 0.09363953528095594
73 44 0.5357242948253802
73 45 0.1462243334592205
73 46 0.88198582252689
73 47 1.658628883772576
73 48 0.1133320623860438
73 51 0.1711311042729456
73 52 0.1678037770554414
73 53 0.09363953528095594
73 54 0.1740741431992082
73 55 0.1559043636073608
73 57 0.4838237453071678
73 58 0.1788189925905929
73 59 0.1301794970685281
73 60 0.5865362026323666
73 63 0.1740015528637243
73 64 7.638306358773026
73 65 0.1662724082367581
73 66 2.472273507359535
73 67 0.7805158238441851
73 68 1.410506922984887
73 70 0.1762921716676445
73 73 21.48126283294606
73 75 0.5347868299484478
73 80 0.1638971405818653
73 81 0.3572812671971444
73 83 0.2390544261856499
73 84 0.1690282247083665
73 85 0.1597592582912216
74 1 0.4884699936575246
74 36 0.2553948702854866
74 47 0.04903372524142287
75 1 2.470750902808287
75 9 6.541828363761652
75 20 10.79555402372238
75 31 7.841318634202656
75 33 0.5040813145167662
75 34 0.09438493258428197
75 35 0.7781637649939469
75 41 25.58534980016074
75 46 28.24133718374543
75 47 0.1566056242362187
75 60 0.2142820138000993
75 73 0.5347868299484478
75 75 42.63142017718932
75 77 1.442308212266737
75 85 0.06251198514147202
76 1 0.3488270268424453
76 26 0.131772215869891
77 47 0.05049798195068205
77 75 1.442308212266737
78 16 1.587215986041052
78 47 0.05064957344508971
79 26 0.172948406441664
79 44 3.477659763527172
80 27 1.553171493590689
80 33 0.2242517626739648
80 73 0.1638971405818653
81 21 19.71033482616763
81 32 22.85978391295319
81 33 0.5055968140652268
81 41 36.76056372520435
81 63 5.801380317857085
81 66 0.3976098550997015
81 73 0.3572812671971444
82 33 0.2402984942167582
82 44 4.329480570852698
82 85 0.03106781912663262
83 26 0.1206537598086668
83 73 0.2390544261856499
84 16 2.862133767140127
84 73 0.1690282247083665
85 1 1.343249812190233
85 7 0.03078453526586464
85 12 0.03115940989821036
85 16 0.03125997862350775
85 18 0.06248556797155111
85 23 0.03124989169704782
85 33 0.1670635577900142
85 35 0.02897121996871646
85 47 0.05870455811829481
85 57 0.03068932896938325
85 66 0.05801520075446163
85 73 0.1597592582912216
85 75 0.06251198514147202
85 82 0.03106781912663262
